138 120 169 0.164706 -0.117647 0.650981 0.09 0.798115
140 123 173 0.196079 -0.0705881 0.713726 0.03 0.549154
175 135 173 0.745098 0.117647 0.713726 -0.09 0.305299
177 136 173 0.776471 0.133333 0.713726 -0.07 0.489532
178 137 173 0.792157 0.14902 0.713726 -0.06 0.600757
125 116 174 -0.0392156 -0.180392 0.729412 -0.05 0.480166
100 117 174 -0.431372 -0.164706 0.729412 -0.05 0.720236
95 118 174 -0.509804 -0.149019 0.729412 0.05 0.737394
96 118 174 -0.494118 -0.149019 0.729412 0.09 0.740674
100 118 174 -0.431372 -0.149019 0.729412 -0.1 0.683308
132 118 174 0.0705884 -0.149019 0.729412 -0.05 0.684486
96 119 174 -0.494118 -0.133333 0.729412 0.05 0.698536
101 119 174 -0.415686 -0.133333 0.729412 -0.05 0.656526
127 119 174 -0.00784302 -0.133333 0.729412 -0.08 0.369763
132 119 174 0.0705884 -0.133333 0.729412 -0.1 0.45213
96 120 174 -0.494118 -0.117647 0.729412 0.01 0.684665
97 120 174 -0.478431 -0.117647 0.729412 0.06 0.729999
102 120 174 -0.4 -0.117647 0.729412 -0.05 0.646419
103 120 174 -0.384314 -0.117647 0.729412 0.05 0.69029
96 121 174 -0.494118 -0.101961 0.729412 -0.04 0.737867
97 121 174 -0.478431 -0.101961 0.729412 0.02 0.754302
98 121 174 -0.462745 -0.101961 0.729412 0.07 0.746001
102 121 174 -0.4 -0.101961 0.729412 -0.09 0.730203
103 121 174 -0.384314 -0.101961 0.729412 0.01 0.680492
104 121 174 -0.368627 -0.101961 0.729412 0.1 0.719451
99 122 174 -0.447059 -0.0862744 0.729412 0.08 0.712432
104 122 174 -0.368627 -0.0862744 0.729412 0.06 0.766369
98 123 174 -0.462745 -0.0705881 0.729412 -0.02 0.718934
99 123 174 -0.447059 -0.0705881 0.729412 0.04 0.698561
107 123 174 -0.321569 -0.0705881 0.729412 -0.07 0.830115
139 123 174 0.180392 -0.0705881 0.729412 -0.08 0.415
99 124 174 -0.447059 -0.0549018 0.729412 -0 0.68469
100 124 174 -0.431372 -0.0549018 0.729412 0.08 0.734749
99 125 174 -0.447059 -0.0392156 0.729412 -0.05 0.67082
100 125 174 -0.431372 -0.0392156 0.729412 0.04 0.749035
104 125 174 -0.368627 -0.0392156 0.729412 -0.07 0.726252
105 125 174 -0.352941 -0.0392156 0.729412 0.02 0.72899
99 126 174 -0.447059 -0.0235293 0.729412 -0.09 0.724059
100 126 174 -0.431372 -0.0235293 0.729412 -0.01 0.774089
95 127 174 -0.509804 -0.00784302 0.729412 0.1 0.686077
109 127 174 -0.290196 -0.00784302 0.729412 -0.07 0.684357
156 127 174 0.447059 -0.00784302 0.729412 -0.06 0.640933
157 127 174 0.462745 -0.00784302 0.729412 -0.08 0.582974
158 127 174 0.478432 -0.00784302 0.729412 0.08 0.717427
95 128 174 -0.509804 0.00784326 0.729412 0.05 0.672206
102 128 174 -0.4 0.00784326 0.729412 0.05 0.765518
106 128 174 -0.337255 0.00784326 0.729412 -0.03 0.679701
107 128 174 -0.321569 0.00784326 0.729412 0.07 0.714975
110 128 174 -0.27451 0.00784326 0.729412 0.02 0.63365
159 128 174 0.494118 0.00784326 0.729412 0.01 0.394784
160 128 174 0.509804 0.00784326 0.729412 0.03 0.576155
95 129 174 -0.509804 0.0235295 0.729412 0.01 0.658753
106 129 174 -0.337255 0.0235295 0.729412 -0.07 0.704139
107 129 174 -0.321569 0.0235295 0.729412 0.02 0.725379
161 129 174 0.52549 0.0235295 0.729412 -0.01 0.510041
162 129 174 0.541177 0.0235295 0.729412 0.01 0.536118
95 130 174 -0.509804 0.0392158 0.729412 -0.03 0.746395
96 130 174 -0.494118 0.0392158 0.729412 0.02 0.759049
97 130 174 -0.478431 0.0392158 0.729412 0.07 0.793994
107 130 174 -0.321569 0.0392158 0.729412 -0.02 0.74835
111 130 174 -0.258823 0.0392158 0.729412 0.07 0.690779
163 130 174 0.556863 0.0392158 0.729412 0.02 0.497947
164 130 174 0.572549 0.0392158 0.729412 0.03 0.580237
165 130 174 0.588235 0.0392158 0.729412 0.08 0.597341
166 130 174 0.603922 0.0392158 0.729412 0.01 0.605637
167 130 174 0.619608 0.0392158 0.729412 0.06 0.783752
104 131 174 -0.368627 0.0549021 0.729412 0.06 0.693363
108 131 174 -0.305882 0.0549021 0.729412 0.07 0.744546
111 131 174 -0.258823 0.0549021 0.729412 0.03 0.680531
113 131 174 -0.227451 0.0549021 0.729412 -0.07 0.701931
114 131 174 -0.211765 0.0549021 0.729412 0.06 0.624963
164 131 174 0.572549 0.0549021 0.729412 -0.01 0.461194
165 131 174 0.588235 0.0549021 0.729412 -0.09 0.448988
96 132 174 -0.494118 0.0705884 0.729412 -0.07 0.704678
97 132 174 -0.478431 0.0705884 0.729412 -0.02 0.67517
98 132 174 -0.462745 0.0705884 0.729412 0.03 0.692357
99 132 174 -0.447059 0.0705884 0.729412 0.09 0.709544
104 132 174 -0.368627 0.0705884 0.729412 0.02 0.659559
111 132 174 -0.258823 0.0705884 0.729412 -0.02 0.641623
114 132 174 -0.211765 0.0705884 0.729412 0.02 0.699183
168 132 174 0.635294 0.0705884 0.729412 0.06 0.652027
97 133 174 -0.478431 0.0862746 0.729412 -0.06 0.6613
98 133 174 -0.462745 0.0862746 0.729412 -0.01 0.678487
99 133 174 -0.447059 0.0862746 0.729412 0.04 0.695674
100 133 174 -0.431372 0.0862746 0.729412 0.1 0.741162
104 133 174 -0.368627 0.0862746 0.729412 -0.02 0.727094
105 133 174 -0.352941 0.0862746 0.729412 0.07 0.72124
108 133 174 -0.305882 0.0862746 0.729412 -0.02 0.68294
109 133 174 -0.290196 0.0862746 0.729412 0.08 0.686301
111 133 174 -0.258823 0.0862746 0.729412 -0.06 0.649645
114 133 174 -0.211765 0.0862746 0.729412 -0.03 0.685313
167 133 174 0.619608 0.0862746 0.729412 0.09 0.548195
168 133 174 0.635294 0.0862746 0.729412 0.02 0.537946
169 133 174 0.650981 0.0862746 0.729412 -0.05 0.555434
170 133 174 0.666667 0.0862746 0.729412 -0.07 0.592834
172 133 174 0.698039 0.0862746 0.729412 0.03 0.620755
98 134 174 -0.462745 0.101961 0.729412 -0.05 0.664616
99 134 174 -0.447059 0.101961 0.729412 0 0.681803
100 134 174 -0.431372 0.101961 0.729412 0.05 0.702976
108 134 174 -0.305882 0.101961 0.729412 -0.06 0.669069
109 134 174 -0.290196 0.101961 0.729412 0.04 0.649045
112 134 174 -0.243137 0.101961 0.729412 0.03 0.651596
114 134 174 -0.211765 0.101961 0.729412 -0.07 0.641916
115 134 174 -0.196078 0.101961 0.729412 0.06 0.65217
167 134 174 0.619608 0.101961 0.729412 0.05 0.424237
168 134 174 0.635294 0.101961 0.729412 -0.02 0.483096
171 134 174 0.682353 0.101961 0.729412 0.01 0.537178
172 134 174 0.698039 0.101961 0.729412 -0.02 0.580898
98 135 174 -0.462745 0.117647 0.729412 -0.1 0.650746
99 135 174 -0.447059 0.117647 0.729412 -0.04 0.667932
100 135 174 -0.431372 0.117647 0.729412 0.01 0.689105
101 135 174 -0.415686 0.117647 0.729412 0.1 0.712471
109 135 174 -0.290196 0.117647 0.729412 -0.01 0.634262
112 135 174 -0.243137 0.117647 0.729412 -0.01 0.637726
168 135 174 0.635294 0.117647 0.729412 -0.07 0.347912
169 135 174 0.650981 0.117647 0.729412 0.03 0.34538
171 135 174 0.682353 0.117647 0.729412 -0.03 0.4427
172 135 174 0.698039 0.117647 0.729412 -0.06 0.550257
99 136 174 -0.447059 0.133333 0.729412 -0.09 0.627226
100 136 174 -0.431372 0.133333 0.729412 -0.03 0.603989
101 136 174 -0.415686 0.133333 0.729412 0.05 0.653585
105 136 174 -0.352941 0.133333 0.729412 -0.06 0.668394
106 136 174 -0.337255 0.133333 0.729412 0.03 0.644463
109 136 174 -0.290196 0.133333 0.729412 -0.05 0.6205
110 136 174 -0.27451 0.133333 0.729412 0.03 0.617479
112 136 174 -0.243137 0.133333 0.729412 -0.06 0.684843
117 136 174 -0.164706 0.133333 0.729412 -0.08 0.835413
170 136 174 0.666667 0.133333 0.729412 -0.08 0.357362
171 136 174 0.682353 0.133333 0.729412 -0.08 0.356315
102 137 174 -0.4 0.14902 0.729412 0.06 0.657837
106 137 174 -0.337255 0.14902 0.729412 -0.01 0.630592
109 137 174 -0.290196 0.14902 0.729412 -0.1 0.607433
113 137 174 -0.227451 0.14902 0.729412 0.02 0.614288
115 137 174 -0.196078 0.14902 0.729412 -0.07 0.579861
174 137 174 0.729412 0.14902 0.729412 0.08 0.601235
95 138 174 -0.509804 0.164706 0.729412 0.1 0.758333
102 138 174 -0.4 0.164706 0.729412 0.02 0.585561
106 138 174 -0.337255 0.164706 0.729412 -0.05 0.616722
113 138 174 -0.227451 0.164706 0.729412 -0.02 0.552754
170 138 174 0.666667 0.164706 0.729412 -0.01 0.0676741
173 138 174 0.713726 0.164706 0.729412 0.06 0.236521
174 138 174 0.729412 0.164706 0.729412 -0.09 0.444415
96 139 174 -0.494118 0.180392 0.729412 0.07 0.742137
101 139 174 -0.415686 0.180392 0.729412 -0.08 0.550744
102 139 174 -0.4 0.180392 0.729412 -0.02 0.541894
103 139 174 -0.384314 0.180392 0.729412 0.07 0.568742
106 139 174 -0.337255 0.180392 0.729412 -0.1 0.561573
174 139 174 0.729412 0.180392 0.729412 -0.01 0.331931
176 139 174 0.760784 0.180392 0.729412 0.05 0.615519
97 140 174 -0.478431 0.196079 0.729412 0.08 0.7006
102 140 174 -0.4 0.196079 0.729412 -0.07 0.597352
103 140 174 -0.384314 0.196079 0.729412 0.03 0.619613
121 140 174 -0.101961 0.196079 0.729412 0.03 0.541957
168 140 174 0.635294 0.196079 0.729412 0 0.623924
175 140 174 0.745098 0.196079 0.729412 -0.04 0.389573
176 140 174 0.760784 0.196079 0.729412 0.01 0.485891
96 141 174 -0.494118 0.211765 0.729412 -0.02 0.522089
97 141 174 -0.478431 0.211765 0.729412 0.04 0.613521
98 141 174 -0.462745 0.211765 0.729412 0.08 0.593907
103 141 174 -0.384314 0.211765 0.729412 -0.02 0.584908
104 141 174 -0.368627 0.211765 0.729412 0.03 0.547142
132 141 174 0.0705884 0.211765 0.729412 0.03 0.689268
165 141 174 0.588235 0.211765 0.729412 -0.08 0.406356
103 142 174 -0.384314 0.227451 0.729412 -0.06 0.440867
108 142 174 -0.305882 0.227451 0.729412 -0.05 0.378179
179 142 174 0.807843 0.227451 0.729412 0.04 0.702189
98 143 174 -0.462745 0.243137 0.729412 -0.01 0.338565
99 143 174 -0.447059 0.243137 0.729412 0.05 0.42846
178 143 174 0.792157 0.243137 0.729412 -0.06 0.213959
99 144 174 -0.447059 0.258824 0.729412 0.01 0.304964
169 145 174 0.650981 0.27451 0.729412 -0.01 0.2163
163 146 174 0.556863 0.290196 0.729412 -0.08 0.283942
164 146 174 0.572549 0.290196 0.729412 -0.03 0.523299
167 147 174 0.619608 0.305882 0.729412 -0.08 0.202602
130 123 175 0.0392158 -0.0705881 0.745098 -0.07 0.83836
136 123 175 0.133333 -0.0705881 0.745098 0.03 0.697339
137 124 175 0.14902 -0.0549018 0.745098 0 0.45273
138 125 175 0.164706 -0.0392156 0.745098 -0.03 0.140781
144 127 175 0.258824 -0.00784302 0.745098 0.07 0.734378
139 128 175 0.180392 0.00784326 0.745098 0.09 0.471973
146 128 175 0.290196 0.00784326 0.745098 -0.03 0.837912
113 129 175 -0.227451 0.0235295 0.745098 0.04 0.726484
139 129 175 0.180392 0.0235295 0.745098 0.05 0.407184
139 130 175 0.180392 0.0392158 0.745098 0 0.385139
160 130 175 0.509804 0.0392158 0.745098 0.01 0.508994
139 131 175 0.180392 0.0549021 0.745098 -0.04 0.255858
160 131 175 0.509804 0.0549021 0.745098 -0.04 0.39466
139 132 175 0.180392 0.0705884 0.745098 -0.08 0.111478
140 134 175 0.196079 0.101961 0.745098 0.08 0.439883
140 135 175 0.196079 0.117647 0.745098 0.04 0.291212
140 136 175 0.196079 0.133333 0.745098 -0 0.0614742
141 136 175 0.211765 0.133333 0.745098 0.01 0.699043
160 136 175 0.509804 0.133333 0.745098 -0.09 0.233136
141 137 175 0.211765 0.14902 0.745098 -0.03 0.534109
160 139 175 0.509804 0.180392 0.745098 -0.07 0.312345
137 141 175 0.14902 0.211765 0.745098 -0.02 0.743072
140 141 175 0.196079 0.211765 0.745098 0.02 0.702784
138 142 175 0.164706 0.227451 0.745098 -0.05 0.905832
142 142 175 0.227451 0.227451 0.745098 0 0.717063
143 142 175 0.243137 0.227451 0.745098 0.05 0.769914
164 142 175 0.572549 0.227451 0.745098 0.05 0.704173
169 142 175 0.650981 0.227451 0.745098 -0.05 -0.0838141
147 143 175 0.305882 0.243137 0.745098 0.01 0.868216
152 143 175 0.384314 0.243137 0.745098 0.07 0.596085
158 143 175 0.478432 0.243137 0.745098 -0.06 0.508608
159 143 175 0.494118 0.243137 0.745098 -0.09 0.680636
160 143 175 0.509804 0.243137 0.745098 -0.08 0.712903
161 143 175 0.52549 0.243137 0.745098 -0.07 0.67934
163 143 175 0.556863 0.243137 0.745098 -0.01 0.704023
122 144 175 -0.0862744 0.258824 0.745098 0.09 0.76174
129 144 175 0.0235295 0.258824 0.745098 -0.07 0.689482
172 144 175 0.698039 0.258824 0.745098 -0.07 0.333131
173 144 175 0.713726 0.258824 0.745098 0.07 0.592695
128 145 175 0.00784326 0.27451 0.745098 -0.05 0.706378
130 145 175 0.0392158 0.27451 0.745098 0.1 0.745177
180 145 175 0.82353 0.27451 0.745098 -0.06 0.810298
122 146 175 -0.0862744 0.290196 0.745098 -0 0.734763
127 146 175 -0.00784302 0.290196 0.745098 0.02 0.68875
130 146 175 0.0392158 0.290196 0.745098 0.05 0.6946
167 146 175 0.619608 0.290196 0.745098 0.03 0.802402
174 146 175 0.729412 0.290196 0.745098 0.07 0.653481
179 146 175 0.807843 0.290196 0.745098 -0.07 0.480996
127 147 175 -0.00784302 0.305882 0.745098 -0.02 0.682689
176 147 175 0.760784 0.305882 0.745098 0.09 0.541712
178 147 175 0.792157 0.305882 0.745098 0.07 0.441539
179 147 175 0.807843 0.305882 0.745098 0 0.426531
180 147 175 0.82353 0.305882 0.745098 -0.02 0.64984
114 148 175 -0.211765 0.321569 0.745098 0.06 0.71726
116 148 175 -0.180392 0.321569 0.745098 -0.04 0.686151
117 148 175 -0.164706 0.321569 0.745098 0.1 0.721776
119 148 175 -0.133333 0.321569 0.745098 0.08 0.728169
123 148 175 -0.0705881 0.321569 0.745098 0.09 0.68397
124 148 175 -0.0549018 0.321569 0.745098 -0.02 0.643935
126 148 175 -0.0235293 0.321569 0.745098 0.04 0.696856
127 148 175 -0.00784302 0.321569 0.745098 -0.07 0.741678
175 148 175 0.745098 0.321569 0.745098 -0.01 0.558714
177 148 175 0.776471 0.321569 0.745098 0.06 0.451215
178 148 175 0.792157 0.321569 0.745098 -0.09 0.402075
179 148 175 0.807843 0.321569 0.745098 -0.04 0.427521
180 148 175 0.82353 0.321569 0.745098 -0.07 0.63294
111 149 175 -0.258823 0.337255 0.745098 -0.01 0.74166
114 149 175 -0.211765 0.337255 0.745098 0.02 0.74005
116 149 175 -0.180392 0.337255 0.745098 -0.08 0.709224
117 149 175 -0.164706 0.337255 0.745098 0.05 0.711568
119 149 175 -0.133333 0.337255 0.745098 0.03 0.683673
123 149 175 -0.0705881 0.337255 0.745098 0.04 0.675334
124 149 175 -0.0549018 0.337255 0.745098 -0.06 0.663833
126 149 175 -0.0235293 0.337255 0.745098 -0 0.665413
132 149 175 0.0705884 0.337255 0.745098 0.06 0.630652
158 149 175 0.478432 0.337255 0.745098 0.04 0.502663
174 149 175 0.729412 0.337255 0.745098 0.06 0.583438
175 149 175 0.745098 0.337255 0.745098 0.07 0.513515
177 149 175 0.776471 0.337255 0.745098 0.02 0.425582
179 149 175 0.807843 0.337255 0.745098 -0.08 0.41615
108 150 175 -0.305882 0.352941 0.745098 -0.01 0.740666
111 150 175 -0.258823 0.352941 0.745098 -0.06 0.699041
117 150 175 -0.164706 0.352941 0.745098 0.01 0.706681
119 150 175 -0.133333 0.352941 0.745098 -0.01 0.680347
121 150 175 -0.101961 0.352941 0.745098 -0.02 0.612636
123 150 175 -0.0705881 0.352941 0.745098 -0 0.615336
125 150 175 -0.0392156 0.352941 0.745098 0.07 0.673703
126 150 175 -0.0235293 0.352941 0.745098 -0.05 0.638759
132 150 175 0.0705884 0.352941 0.745098 0.02 0.526442
176 150 175 0.760784 0.352941 0.745098 0.08 0.629359
177 150 175 0.776471 0.352941 0.745098 0.09 0.453436
178 150 175 0.792157 0.352941 0.745098 -0.06 0.35527
179 150 175 0.807843 0.352941 0.745098 -0.01 0.415538
180 150 175 0.82353 0.352941 0.745098 -0.03 0.599413
108 151 175 -0.305882 0.368628 0.745098 -0.05 0.769804
112 151 175 -0.243137 0.368628 0.745098 0.03 0.677242
114 151 175 -0.211765 0.368628 0.745098 -0.07 0.676162
115 151 175 -0.196078 0.368628 0.745098 0.07 0.697098
117 151 175 -0.164706 0.368628 0.745098 -0.03 0.692982
121 151 175 -0.101961 0.368628 0.745098 -0.07 0.625704
123 151 175 -0.0705881 0.368628 0.745098 -0.05 0.58716
125 151 175 -0.0392156 0.368628 0.745098 0.02 0.47966
126 151 175 -0.0235293 0.368628 0.745098 -0.09 0.45463
128 151 175 0.00784326 0.368628 0.745098 0.02 0.541397
129 151 175 0.0235295 0.368628 0.745098 -0.1 0.41012
166 151 175 0.603922 0.368628 0.745098 0.04 0.89502
177 151 175 0.776471 0.368628 0.745098 0.05 0.454405
178 151 175 0.792157 0.368628 0.745098 -0.02 0.389681
180 151 175 0.82353 0.368628 0.745098 -0.08 0.555279
100 152 175 -0.431372 0.384314 0.745098 0.1 0.714768
112 152 175 -0.243137 0.384314 0.745098 -0.01 0.702658
115 152 175 -0.196078 0.384314 0.745098 0.02 0.704634
117 152 175 -0.164706 0.384314 0.745098 -0.08 0.648394
118 152 175 -0.149019 0.384314 0.745098 0.1 0.62324
122 152 175 -0.0862744 0.384314 0.745098 0.07 0.643661
123 152 175 -0.0705881 0.384314 0.745098 -0.09 0.616788
178 152 175 0.792157 0.384314 0.745098 -0.07 0.427403
100 153 175 -0.431372 0.4 0.745098 0.05 0.67095
106 153 175 -0.337255 0.4 0.745098 0.08 0.683347
109 153 175 -0.290196 0.4 0.745098 -0.01 0.742183
112 153 175 -0.243137 0.4 0.745098 -0.05 0.699713
115 153 175 -0.196078 0.4 0.745098 -0.02 0.659695
176 153 175 0.760784 0.4 0.745098 0.07 0.55365
177 153 175 0.776471 0.4 0.745098 -0.04 0.533922
179 153 175 0.807843 0.4 0.745098 0.06 0.501887
180 153 175 0.82353 0.4 0.745098 0.04 0.539404
100 154 175 -0.431372 0.415686 0.745098 0.01 0.71816
105 154 175 -0.352941 0.415686 0.745098 -0.06 0.672001
106 154 175 -0.337255 0.415686 0.745098 0.04 0.680499
109 154 175 -0.290196 0.415686 0.745098 -0.05 0.696088
112 154 175 -0.243137 0.415686 0.745098 -0.1 0.704421
113 154 175 -0.227451 0.415686 0.745098 0.04 0.677004
115 154 175 -0.196078 0.415686 0.745098 -0.06 0.625169
120 154 175 -0.117647 0.415686 0.745098 -0.01 0.436943
124 154 175 -0.0549018 0.415686 0.745098 -0 0.388714
176 154 175 0.760784 0.415686 0.745098 0.02 0.563818
177 154 175 0.776471 0.415686 0.745098 -0.08 0.593627
178 154 175 0.792157 0.415686 0.745098 0.08 0.596429
180 154 175 0.82353 0.415686 0.745098 0.07 0.654747
101 155 175 -0.415686 0.431373 0.745098 0.02 0.694621
106 155 175 -0.337255 0.431373 0.745098 -0.01 0.732444
107 155 175 -0.321569 0.431373 0.745098 0.09 0.695745
109 155 175 -0.290196 0.431373 0.745098 -0.09 0.700449
110 155 175 -0.27451 0.431373 0.745098 0 0.711287
113 155 175 -0.227451 0.431373 0.745098 -0.01 0.572722
100 156 175 -0.431372 0.447059 0.745098 -0.08 0.659971
101 156 175 -0.415686 0.447059 0.745098 -0.02 0.680922
102 156 175 -0.4 0.447059 0.745098 0.06 0.686537
107 156 175 -0.321569 0.447059 0.745098 0.04 0.702695
110 156 175 -0.27451 0.447059 0.745098 -0.04 0.601603
111 156 175 -0.258823 0.447059 0.745098 0.04 0.598943
118 156 175 -0.149019 0.447059 0.745098 -0.08 0.370517
128 156 175 0.00784326 0.447059 0.745098 0.08 0.804342
101 157 175 -0.415686 0.462745 0.745098 -0.07 0.585967
102 157 175 -0.4 0.462745 0.745098 0.02 0.603438
103 157 175 -0.384314 0.462745 0.745098 0.07 0.637672
106 157 175 -0.337255 0.462745 0.745098 -0.09 0.660476
107 157 175 -0.321569 0.462745 0.745098 -0 0.688995
108 157 175 -0.305882 0.462745 0.745098 0.09 0.698728
159 157 175 0.494118 0.462745 0.745098 -0.01 0.486402
174 157 175 0.729412 0.462745 0.745098 -0.01 0.222794
103 158 175 -0.384314 0.478432 0.745098 0.03 0.512482
107 158 175 -0.321569 0.478432 0.745098 -0.04 0.642669
108 158 175 -0.305882 0.478432 0.745098 0.04 0.628951
150 158 175 0.352941 0.478432 0.745098 0 0.501627
180 158 175 0.82353 0.478432 0.745098 0.02 0.619298
107 159 175 -0.321569 0.494118 0.745098 -0.09 0.60894
151 159 175 0.368628 0.494118 0.745098 0.04 0.508161
174 159 175 0.729412 0.494118 0.745098 0.03 0.419134
180 159 175 0.82353 0.494118 0.745098 -0.03 0.662906
103 160 175 -0.384314 0.509804 0.745098 -0.06 0.650057
176 160 175 0.760784 0.509804 0.745098 -0.04 0.353886
104 161 175 -0.368627 0.52549 0.745098 -0.01 0.546563
113 161 175 -0.227451 0.52549 0.745098 0.09 0.494645
118 161 175 -0.149019 0.52549 0.745098 0.03 0.663528
172 161 175 0.698039 0.52549 0.745098 0.08 0.481635
180 161 175 0.82353 0.52549 0.745098 0.09 0.409111
169 162 175 0.650981 0.541177 0.745098 -0.08 0.28439
171 162 175 0.682353 0.541177 0.745098 -0.06 0.378748
172 162 175 0.698039 0.541177 0.745098 0.04 0.485207
173 162 175 0.713726 0.541177 0.745098 0 0.450308
175 162 175 0.745098 0.541177 0.745098 -0.01 0.453581
177 162 175 0.776471 0.541177 0.745098 -0.07 0.458088
171 163 175 0.682353 0.556863 0.745098 0.02 0.429422
172 163 175 0.698039 0.556863 0.745098 -0.01 0.473244
174 163 175 0.729412 0.556863 0.745098 -0.03 0.488839
175 163 175 0.745098 0.556863 0.745098 -0.05 0.480281
176 163 175 0.760784 0.556863 0.745098 0.07 0.520925
177 163 175 0.776471 0.556863 0.745098 0.01 0.568218
178 163 175 0.792157 0.556863 0.745098 0.02 0.544028
179 163 175 0.807843 0.556863 0.745098 0.07 0.538633
180 163 175 0.82353 0.556863 0.745098 0 0.529016
181 163 175 0.839216 0.556863 0.745098 -0.03 0.716456
119 164 175 -0.133333 0.572549 0.745098 0.07 0.527994
170 164 175 0.666667 0.572549 0.745098 -0.08 0.366435
171 164 175 0.682353 0.572549 0.745098 -0.02 0.442032
172 164 175 0.698039 0.572549 0.745098 -0.05 0.441263
173 164 175 0.713726 0.572549 0.745098 -0.08 0.412148
174 164 175 0.729412 0.572549 0.745098 0.05 0.41977
175 164 175 0.745098 0.572549 0.745098 0.02 0.43328
176 164 175 0.760784 0.572549 0.745098 0.03 0.523849
177 164 175 0.776471 0.572549 0.745098 0.08 0.575251
178 164 175 0.792157 0.572549 0.745098 0.1 0.513434
179 164 175 0.807843 0.572549 0.745098 0.02 0.510614
180 164 175 0.82353 0.572549 0.745098 0.08 0.553782
169 165 175 0.650981 0.588235 0.745098 -0.09 0.2703
171 165 175 0.682353 0.588235 0.745098 -0.07 0.398365
172 165 175 0.698039 0.588235 0.745098 -0.09 0.397595
176 165 175 0.760784 0.588235 0.745098 -0.01 0.489149
178 165 175 0.792157 0.588235 0.745098 0.05 0.48677
179 165 175 0.807843 0.588235 0.745098 -0.02 0.515129
181 165 175 0.839216 0.588235 0.745098 0.09 0.540945
134 166 175 0.101961 0.603922 0.745098 0.03 0.182241
174 166 175 0.729412 0.603922 0.745098 -0.04 0.400718
175 166 175 0.745098 0.603922 0.745098 -0.06 0.426876
176 166 175 0.760784 0.603922 0.745098 -0.06 0.445317
177 166 175 0.776471 0.603922 0.745098 -0 0.480511
178 166 175 0.792157 0.603922 0.745098 0.01 0.452379
179 166 175 0.807843 0.603922 0.745098 0.06 0.517304
180 166 175 0.82353 0.603922 0.745098 -0.01 0.518745
181 166 175 0.839216 0.603922 0.745098 0.04 0.490583
170 167 175 0.666667 0.619608 0.745098 -0.09 0.265152
174 167 175 0.729412 0.619608 0.745098 -0.08 0.376663
177 167 175 0.776471 0.619608 0.745098 -0.05 0.399406
178 167 175 0.792157 0.619608 0.745098 -0.03 0.430076
179 167 175 0.807843 0.619608 0.745098 0.01 0.461074
180 167 175 0.82353 0.619608 0.745098 0.07 0.523952
182 167 175 0.854902 0.619608 0.745098 -0.03 0.843528
177 168 175 0.776471 0.635294 0.745098 -0.09 0.435518
178 168 175 0.792157 0.635294 0.745098 -0.08 0.460442
179 168 175 0.807843 0.635294 0.745098 -0.03 0.512326
180 168 175 0.82353 0.635294 0.745098 0.02 0.548707
181 168 175 0.839216 0.635294 0.745098 0.08 0.518392
182 168 175 0.854902 0.635294 0.745098 0.05 0.857627
176 169 175 0.760784 0.650981 0.745098 -0.07 0.433958
177 169 175 0.776471 0.650981 0.745098 -0.01 0.460698
180 169 175 0.82353 0.650981 0.745098 0.1 0.516799
172 170 175 0.698039 0.666667 0.745098 -0.03 0.266732
173 170 175 0.713726 0.666667 0.745098 -0.06 0.317815
174 170 175 0.729412 0.666667 0.745098 -0.09 0.394416
175 170 175 0.745098 0.666667 0.745098 0.04 0.398288
176 170 175 0.760784 0.666667 0.745098 0.02 0.406345
177 170 175 0.776471 0.666667 0.745098 -0.06 0.448382
178 170 175 0.792157 0.666667 0.745098 -0.04 0.436023
180 170 175 0.82353 0.666667 0.745098 0.06 0.52064
181 170 175 0.839216 0.666667 0.745098 -0.01 0.502115
182 170 175 0.854902 0.666667 0.745098 0.08 0.747398
177 171 175 0.776471 0.682353 0.745098 -0.02 0.393314
178 171 175 0.792157 0.682353 0.745098 0.03 0.417029
179 171 175 0.807843 0.682353 0.745098 -0.03 0.465301
180 171 175 0.82353 0.682353 0.745098 0.01 0.51016
181 171 175 0.839216 0.682353 0.745098 0.07 0.494992
182 171 175 0.854902 0.682353 0.745098 0.04 0.758415
179 172 175 0.807843 0.698039 0.745098 -0.08 0.37437
180 172 175 0.82353 0.698039 0.745098 0.05 0.40681
181 172 175 0.839216 0.698039 0.745098 0.02 0.395404
182 172 175 0.854902 0.698039 0.745098 0.08 0.643092
180 173 175 0.82353 0.713726 0.745098 -0.07 0.242398
182 173 175 0.854902 0.713726 0.745098 -0.05 0.533461
182 174 175 0.854902 0.729412 0.745098 -0.09 0.42106
182 179 175 0.854902 0.807843 0.745098 0.09 0.397782
183 179 175 0.870588 0.807843 0.745098 0.07 0.841085
182 180 175 0.854902 0.82353 0.745098 -0.07 0.43561
183 180 175 0.870588 0.82353 0.745098 0.02 0.852673
182 181 175 0.854902 0.839216 0.745098 0.01 0.438393
183 181 175 0.870588 0.839216 0.745098 0.1 0.850309
182 182 175 0.854902 0.854902 0.745098 -0.04 0.374161
183 182 175 0.870588 0.854902 0.745098 0.06 0.695879
182 183 175 0.854902 0.870588 0.745098 -0.08 0.398454
183 183 175 0.870588 0.870588 0.745098 0.01 0.638993
181 184 175 0.839216 0.886275 0.745098 -0.06 0.338207
182 184 175 0.854902 0.886275 0.745098 -0 0.427905
183 184 175 0.870588 0.886275 0.745098 -0.03 0.632878
182 185 175 0.854902 0.901961 0.745098 -0.05 0.38806
183 185 175 0.870588 0.901961 0.745098 -0.07 0.639524
181 186 175 0.839216 0.917647 0.745098 -0.07 0.351598
182 186 175 0.854902 0.917647 0.745098 -0.09 0.339646
183 186 175 0.870588 0.917647 0.745098 -0.04 0.618555
183 187 175 0.870588 0.933334 0.745098 -0.08 0.628062
180 188 175 0.82353 0.94902 0.745098 -0.08 0.311978
181 189 175 0.839216 0.964706 0.745098 -0.08 0.318155
184 189 175 0.886275 0.964706 0.745098 -0 0.82758
184 196 175 0.886275 1.07451 0.745098 -0.06 0.499542
182 202 175 0.854902 1.16863 0.745098 -0.03 0.706434
183 202 175 0.870588 1.16863 0.745098 0.03 0.922938
182 203 175 0.854902 1.18431 0.745098 -0.07 0.958001
121 115 176 -0.101961 -0.196078 0.760784 -0 0.707655
121 116 176 -0.101961 -0.180392 0.760784 -0.05 0.694127
123 116 176 -0.0705881 -0.180392 0.760784 0.01 0.722608
121 117 176 -0.101961 -0.164706 0.760784 -0.09 0.680599
122 117 176 -0.0862744 -0.164706 0.760784 0.08 0.66942
116 118 176 -0.180392 -0.149019 0.760784 -0.03 0.571575
117 118 176 -0.164706 -0.149019 0.760784 0.1 0.577533
122 118 176 -0.0862744 -0.149019 0.760784 0.03 0.680051
123 118 176 -0.0705881 -0.149019 0.760784 -0.07 0.653168
125 118 176 -0.0392156 -0.149019 0.760784 0.03 0.655539
116 119 176 -0.180392 -0.133333 0.760784 -0.08 0.496813
117 119 176 -0.164706 -0.133333 0.760784 0.06 0.65816
119 119 176 -0.133333 -0.133333 0.760784 0.08 0.540087
122 119 176 -0.0862744 -0.133333 0.760784 -0.01 0.562854
125 119 176 -0.0392156 -0.133333 0.760784 -0.02 0.579536
126 119 176 -0.0235293 -0.133333 0.760784 -0.08 0.77944
117 120 176 -0.164706 -0.117647 0.760784 0.01 0.707408
119 120 176 -0.133333 -0.117647 0.760784 0.03 0.557708
122 120 176 -0.0862744 -0.117647 0.760784 -0.05 0.604992
117 121 176 -0.164706 -0.101961 0.760784 -0.03 0.578335
127 121 176 -0.00784302 -0.101961 0.760784 0.04 0.604264
117 122 176 -0.164706 -0.0862744 0.760784 -0.07 0.485307
118 122 176 -0.149019 -0.0862744 0.760784 0.1 0.606591
123 122 176 -0.0705881 -0.0862744 0.760784 0.07 0.690019
115 123 176 -0.196078 -0.0705881 0.760784 -0.1 0.605192
118 123 176 -0.149019 -0.0705881 0.760784 0.06 0.603394
121 123 176 -0.101961 -0.0705881 0.760784 -0.03 0.515073
123 123 176 -0.0705881 -0.0705881 0.760784 0.03 0.625866
126 123 176 -0.0235293 -0.0705881 0.760784 0.02 0.634903
127 123 176 -0.00784302 -0.0705881 0.760784 -0.04 0.605958
114 124 176 -0.211765 -0.0549018 0.760784 0.04 0.438518
123 124 176 -0.0705881 -0.0549018 0.760784 -0.01 0.597915
125 124 176 -0.0392156 -0.0549018 0.760784 0.09 0.704231
127 124 176 -0.00784302 -0.0549018 0.760784 -0.09 0.694381
120 125 176 -0.117647 -0.0392156 0.760784 -0.01 0.456717
114 126 176 -0.211765 -0.0235293 0.760784 -0.04 0.39562
118 126 176 -0.149019 -0.0235293 0.760784 -0.07 0.603724
115 128 176 -0.196078 0.00784326 0.760784 0.04 0.720398
139 128 176 0.180392 0.00784326 0.760784 -0.01 0.490974
117 129 176 -0.164706 0.0235295 0.760784 -0.02 0.723579
139 129 176 0.180392 0.0235295 0.760784 -0.05 0.340283
118 130 176 -0.149019 0.0392158 0.760784 0.07 0.806711
139 130 176 0.180392 0.0392158 0.760784 -0.09 0.273404
160 130 176 0.509804 0.0392158 0.760784 0.06 0.784311
140 135 176 0.196079 0.117647 0.760784 -0.06 0.477306
141 138 176 0.211765 0.164706 0.760784 0.07 0.817338
144 141 176 0.258824 0.211765 0.760784 0.09 0.630491
157 141 176 0.462745 0.211765 0.760784 0.08 0.603658
160 141 176 0.509804 0.211765 0.760784 0.07 0.763514
168 144 176 0.635294 0.258824 0.760784 0.03 0.457884
170 144 176 0.666667 0.258824 0.760784 -0.03 0.458079
160 146 176 0.509804 0.290196 0.760784 0.01 0.747576
159 147 176 0.494118 0.305882 0.760784 -0.04 0.773624
133 156 176 0.0862746 0.447059 0.760784 0.08 0.937493
159 156 176 0.494118 0.447059 0.760784 0.09 0.683307
142 158 176 0.227451 0.478432 0.760784 -0.07 0.454769
157 158 176 0.462745 0.478432 0.760784 0.06 0.311445
117 159 176 -0.164706 0.494118 0.760784 0 0.773696
121 159 176 -0.101961 0.494118 0.760784 -0.03 0.853798
125 159 176 -0.0392156 0.494118 0.760784 0.06 0.518009
143 159 176 0.243137 0.494118 0.760784 -0.06 0.624555
144 159 176 0.258824 0.494118 0.760784 -0.05 0.712062
159 159 176 0.494118 0.494118 0.760784 -0.04 0.482448
125 160 176 -0.0392156 0.509804 0.760784 0.02 0.259555
142 160 176 0.227451 0.509804 0.760784 0.08 0.480484
143 161 176 0.243137 0.52549 0.760784 0.05 0.663794
150 161 176 0.352941 0.52549 0.760784 0.06 0.887983
126 162 176 -0.0235293 0.541177 0.760784 0.09 0.443066
134 162 176 0.101961 0.541177 0.760784 0.07 0.467461
142 162 176 0.227451 0.541177 0.760784 -0 0.326504
143 162 176 0.243137 0.541177 0.760784 0.01 0.608668
144 162 176 0.258824 0.541177 0.760784 0.06 0.616262
148 162 176 0.321569 0.541177 0.760784 0.06 0.911087
126 163 176 -0.0235293 0.556863 0.760784 0.05 0.426513
134 163 176 0.101961 0.556863 0.760784 0.03 0.462645
142 163 176 0.227451 0.556863 0.760784 -0.05 0.424511
143 163 176 0.243137 0.556863 0.760784 -0.03 0.571668
144 163 176 0.258824 0.556863 0.760784 0.01 0.589297
169 163 176 0.650981 0.556863 0.760784 0.1 0.733417
126 164 176 -0.0235293 0.572549 0.760784 0.01 0.189331
143 164 176 0.243137 0.572549 0.760784 -0.08 0.627674
145 164 176 0.27451 0.572549 0.760784 0.02 0.693132
168 164 176 0.635294 0.572549 0.760784 0.01 0.196646
111 165 176 -0.258823 0.588235 0.760784 0.04 0.833403
133 165 176 0.0862746 0.588235 0.760784 -0.03 0.210404
144 165 176 0.258824 0.588235 0.760784 -0.07 0.564479
123 166 176 -0.0705881 0.603922 0.760784 0.01 0.755344
133 166 176 0.0862746 0.603922 0.760784 -0.08 0.311149
140 166 176 0.196079 0.603922 0.760784 0.04 0.735445
141 166 176 0.211765 0.603922 0.760784 0.06 0.822428
142 166 176 0.227451 0.603922 0.760784 0.06 0.87813
145 166 176 0.27451 0.603922 0.760784 -0.06 0.0556897
146 166 176 0.290196 0.603922 0.760784 -0.01 0.436405
107 167 176 -0.321569 0.619608 0.760784 -0.05 0.695009
112 167 176 -0.243137 0.619608 0.760784 0.08 0.701057
117 167 176 -0.164706 0.619608 0.760784 0.02 0.818152
125 167 176 -0.0392156 0.619608 0.760784 0.03 0.706813
134 167 176 0.101961 0.619608 0.760784 0.09 0.508516
139 167 176 0.180392 0.619608 0.760784 -0.01 0.746325
166 167 176 0.603922 0.619608 0.760784 0.05 0.774562
107 168 176 -0.321569 0.635294 0.760784 -0.09 0.888115
108 168 176 -0.305882 0.635294 0.760784 -0.01 0.897587
109 168 176 -0.290196 0.635294 0.760784 0.09 0.802532
125 168 176 -0.0392156 0.635294 0.760784 -0.01 0.683604
131 168 176 0.0549021 0.635294 0.760784 -0.03 0.545894
132 168 176 0.0705884 0.635294 0.760784 -0.1 0.492344
137 168 176 0.14902 0.635294 0.760784 -0.04 0.521191
139 168 176 0.180392 0.635294 0.760784 -0.06 0.916639
148 168 176 0.321569 0.635294 0.760784 0 0.405927
124 169 176 -0.0549018 0.650981 0.760784 0.05 0.872151
130 169 176 0.0392158 0.650981 0.760784 -0 0.733163
131 169 176 0.0549021 0.650981 0.760784 -0.07 0.855295
137 169 176 0.14902 0.650981 0.760784 -0.08 0.826717
130 170 176 0.0392158 0.666667 0.760784 -0.05 0.947053
173 173 176 0.713726 0.713726 0.760784 -0.09 -0.0433836
177 174 176 0.776471 0.729412 0.760784 0.03 0.0361657
154 175 176 0.415686 0.745098 0.760784 0.05 0.580025
160 175 176 0.509804 0.745098 0.760784 0.08 0.68559
164 175 176 0.572549 0.745098 0.760784 0.08 0.759082
181 175 176 0.839216 0.745098 0.760784 -0.04 0.347659
154 176 176 0.415686 0.760784 0.760784 0.01 0.499963
160 176 176 0.509804 0.760784 0.760784 0.04 0.681931
161 176 176 0.52549 0.760784 0.760784 0.04 0.678936
182 176 176 0.854902 0.760784 0.760784 -0.04 0.784504
154 177 176 0.415686 0.776471 0.760784 -0.03 0.441914
155 177 176 0.431373 0.776471 0.760784 0.05 0.517788
154 178 176 0.415686 0.792157 0.760784 -0.08 0.412922
156 178 176 0.447059 0.792157 0.760784 -0.06 0.621869
157 178 176 0.462745 0.792157 0.760784 0.08 0.640497
158 178 176 0.478432 0.792157 0.760784 0 0.631849
160 178 176 0.509804 0.792157 0.760784 -0.05 0.678511
155 179 176 0.431373 0.807843 0.760784 -0.03 0.234548
156 179 176 0.447059 0.807843 0.760784 0.1 0.483267
157 179 176 0.462745 0.807843 0.760784 0.03 0.602389
158 179 176 0.478432 0.807843 0.760784 -0.04 0.604728
161 179 176 0.52549 0.807843 0.760784 -0.09 0.681452
157 180 176 0.462745 0.82353 0.760784 -0.01 0.620825
159 180 176 0.494118 0.82353 0.760784 0.09 0.595093
159 181 176 0.494118 0.839216 0.760784 0.05 0.424914
160 181 176 0.509804 0.839216 0.760784 0.02 0.555714
160 182 176 0.509804 0.854902 0.760784 -0.02 0.406895
162 182 176 0.541177 0.854902 0.760784 0.08 0.697334
163 182 176 0.556863 0.854902 0.760784 0.09 0.722946
181 182 176 0.839216 0.854902 0.760784 -0.03 0.72627
161 183 176 0.52549 0.870588 0.760784 0.07 0.376036
161 184 176 0.52549 0.886275 0.760784 0.02 0.430637
165 184 176 0.588235 0.886275 0.760784 0.02 0.735221
180 186 176 0.82353 0.917647 0.760784 -0.06 0.679817
161 187 176 0.52549 0.933334 0.760784 0.05 0.663333
162 187 176 0.541177 0.933334 0.760784 0.06 0.649811
165 187 176 0.588235 0.933334 0.760784 0.05 0.859616
180 187 176 0.82353 0.933334 0.760784 0.02 0.729366
162 190 176 0.541177 0.980392 0.760784 -0.07 0.614664
163 190 176 0.556863 0.980392 0.760784 0.06 0.652918
164 190 176 0.572549 0.980392 0.760784 0.08 0.675481
161 191 176 0.52549 0.996079 0.760784 0.08 0.576685
162 191 176 0.541177 0.996079 0.760784 0.05 0.532461
164 191 176 0.572549 0.996079 0.760784 0.03 0.773975
165 191 176 0.588235 0.996079 0.760784 0.04 0.934843
179 191 176 0.807843 0.996079 0.760784 -0.08 0.595945
161 192 176 0.52549 1.01176 0.760784 0.04 0.545512
161 193 176 0.52549 1.02745 0.760784 -0.01 0.487333
162 193 176 0.541177 1.02745 0.760784 -0.04 0.429764
164 193 176 0.572549 1.02745 0.760784 -0.05 0.693104
179 193 176 0.807843 1.02745 0.760784 0.07 0.715199
161 194 176 0.52549 1.04314 0.760784 -0.05 0.501156
162 194 176 0.541177 1.04314 0.760784 -0.09 0.401646
164 194 176 0.572549 1.04314 0.760784 -0.1 0.755615
160 195 176 0.509804 1.05882 0.760784 -0.07 0.423221
161 195 176 0.52549 1.05882 0.760784 -0.09 0.478337
164 195 176 0.572549 1.05882 0.760784 0.02 0.181319
154 196 176 0.415686 1.07451 0.760784 -0.1 0.206927
156 196 176 0.447059 1.07451 0.760784 -0.08 0.354785
163 197 176 0.556863 1.0902 0.760784 -0.08 0.614218
164 197 176 0.572549 1.0902 0.760784 -0.07 0.905797
178 198 176 0.792157 1.10588 0.760784 -0.08 0.511151
179 198 176 0.807843 1.10588 0.760784 0.1 0.603516
178 199 176 0.792157 1.12157 0.760784 -0 0.51878
180 199 176 0.82353 1.12157 0.760784 0.07 0.665069
178 200 176 0.792157 1.13726 0.760784 -0.04 0.530331
179 200 176 0.807843 1.13726 0.760784 0.09 0.621904
178 201 176 0.792157 1.15294 0.760784 0.04 0.525781
163 202 176 0.556863 1.16863 0.760784 -0.1 0.860865
178 202 176 0.792157 1.16863 0.760784 -0 0.530089
179 202 176 0.807843 1.16863 0.760784 0 0.613302
178 203 176 0.792157 1.18431 0.760784 -0.05 0.210301
165 204 176 0.588235 1.2 0.760784 -0.04 -0.428773
178 204 176 0.792157 1.2 0.760784 -0.09 0.722229
179 204 176 0.807843 1.2 0.760784 -0.08 0.911634
180 204 176 0.82353 1.2 0.760784 0.09 0.983418
150 205 176 0.352941 1.21569 0.760784 0.03 0.97573
112 121 177 -0.243137 -0.101961 0.776471 -0.07 0.737792
113 121 177 -0.227451 -0.101961 0.776471 0.07 0.803899
129 126 177 0.0235295 -0.0235293 0.776471 0.07 0.811595
139 127 177 0.180392 -0.00784302 0.776471 -0.06 0.570605
139 129 177 0.180392 0.0235295 0.776471 0.09 0.438387
152 131 177 0.384314 0.0549021 0.776471 0.04 0.744266
145 132 177 0.27451 0.0705884 0.776471 0.07 0.707988
147 132 177 0.305882 0.0705884 0.776471 0.01 0.733521
154 132 177 0.415686 0.0705884 0.776471 0.09 0.724293
155 132 177 0.431373 0.0705884 0.776471 0.07 0.736751
145 133 177 0.27451 0.0862746 0.776471 0.03 0.771655
154 134 177 0.415686 0.101961 0.776471 0.01 0.753275
152 135 177 0.384314 0.117647 0.776471 0.06 0.766183
177 135 177 0.776471 0.117647 0.776471 -0.09 0.68077
178 135 177 0.792157 0.117647 0.776471 -0.05 0.678931
140 136 177 0.196079 0.133333 0.776471 0.04 0.496161
145 136 177 0.27451 0.133333 0.776471 0.1 0.707726
180 136 177 0.82353 0.133333 0.776471 0.1 0.678207
140 137 177 0.196079 0.14902 0.776471 0 0.362071
145 137 177 0.27451 0.14902 0.776471 0.05 0.658445
181 137 177 0.839216 0.14902 0.776471 -0.02 0.934346
145 138 177 0.27451 0.164706 0.776471 0.01 0.630583
147 138 177 0.305882 0.164706 0.776471 -0.04 0.699572
153 138 177 0.4 0.164706 0.776471 0.03 0.781158
145 139 177 0.27451 0.180392 0.776471 -0.03 0.601566
146 139 177 0.290196 0.180392 0.776471 0.02 0.591674
147 139 177 0.305882 0.180392 0.776471 -0.08 0.676807
149 139 177 0.337255 0.180392 0.776471 0.09 0.70191
159 139 177 0.494118 0.180392 0.776471 0.05 0.686076
160 139 177 0.509804 0.180392 0.776471 0.06 0.757385
146 140 177 0.290196 0.196079 0.776471 -0.02 0.581169
147 140 177 0.305882 0.196079 0.776471 0.07 0.600988
149 140 177 0.337255 0.196079 0.776471 0.05 0.730326
151 140 177 0.368628 0.196079 0.776471 0.07 0.743448
160 140 177 0.509804 0.196079 0.776471 0.01 0.765247
147 141 177 0.305882 0.211765 0.776471 0.03 0.796717
154 141 177 0.415686 0.211765 0.776471 0.02 0.858526
137 146 177 0.14902 0.290196 0.776471 0.06 0.565926
159 146 177 0.494118 0.290196 0.776471 -0.09 0.786696
137 147 177 0.14902 0.305882 0.776471 0.01 0.344496
157 148 177 0.462745 0.321569 0.776471 -0 0.545529
157 150 177 0.462745 0.352941 0.776471 -0.09 0.86425
159 156 177 0.494118 0.447059 0.776471 -0.05 0.694942
174 157 177 0.729412 0.462745 0.776471 -0 0.256323
125 160 177 -0.0392156 0.509804 0.776471 0.07 0.621478
125 161 177 -0.0392156 0.52549 0.776471 0.03 0.780141
165 161 177 0.588235 0.52549 0.776471 0.04 0.449879
142 162 177 0.227451 0.541177 0.776471 -0.1 0.576807
168 162 177 0.635294 0.541177 0.776471 -0.09 0.372477
142 163 177 0.227451 0.556863 0.776471 0.1 0.684282
126 165 177 -0.0235293 0.588235 0.776471 0.07 0.792036
140 165 177 0.196079 0.588235 0.776471 -0.01 0.766655
154 166 177 0.415686 0.603922 0.776471 0.06 0.692254
146 167 177 0.290196 0.619608 0.776471 0.09 0.507314
154 167 177 0.415686 0.619608 0.776471 0.02 0.748783
156 167 177 0.447059 0.619608 0.776471 0.08 0.731831
157 168 177 0.462745 0.635294 0.776471 0.01 0.898954
136 169 177 0.133333 0.650981 0.776471 0.05 0.929105
148 169 177 0.321569 0.650981 0.776471 -0.06 0.806992
154 169 177 0.415686 0.650981 0.776471 0.09 0.859458
172 173 177 0.698039 0.713726 0.776471 -0.04 0.18875
176 174 177 0.760784 0.729412 0.776471 0.04 0.428577
177 175 177 0.776471 0.745098 0.776471 0.01 0.384661
178 175 177 0.792157 0.745098 0.776471 0.07 0.539151
179 176 177 0.807843 0.760784 0.776471 0.07 0.491589
179 177 177 0.807843 0.776471 0.776471 0.03 0.492739
180 177 177 0.82353 0.776471 0.776471 0.08 0.613036
178 178 177 0.792157 0.792157 0.776471 -0.06 0.412501
179 178 177 0.807843 0.792157 0.776471 -0.02 0.55343
178 179 177 0.792157 0.807843 0.776471 -0.03 0.404761
179 179 177 0.807843 0.807843 0.776471 0.02 0.521691
155 180 177 0.431373 0.82353 0.776471 -0.05 0.770319
178 180 177 0.792157 0.82353 0.776471 0.05 0.450983
180 180 177 0.82353 0.82353 0.776471 0.03 0.710776
178 181 177 0.792157 0.839216 0.776471 0.01 0.401491
179 181 177 0.807843 0.839216 0.776471 0.05 0.484986
178 182 177 0.792157 0.854902 0.776471 -0.04 0.43497
179 182 177 0.807843 0.854902 0.776471 0.01 0.509615
178 183 177 0.792157 0.870588 0.776471 -0.08 0.432129
178 184 177 0.792157 0.886275 0.776471 -0 0.431805
179 184 177 0.807843 0.886275 0.776471 -0.08 0.640457
177 185 177 0.776471 0.901961 0.776471 -0.06 0.371747
178 185 177 0.792157 0.901961 0.776471 -0.05 0.418596
179 185 177 0.807843 0.901961 0.776471 -0 0.677423
177 186 177 0.776471 0.917647 0.776471 0.02 0.40155
178 186 177 0.792157 0.917647 0.776471 -0.09 0.441036
179 186 177 0.807843 0.917647 0.776471 0.08 0.700877
179 187 177 0.807843 0.933334 0.776471 0.04 0.742357
158 188 177 0.478432 0.94902 0.776471 -0.05 0.722539
175 188 177 0.745098 0.94902 0.776471 -0.09 0.19757
178 188 177 0.792157 0.94902 0.776471 0.06 0.552839
178 190 177 0.792157 0.980392 0.776471 0.1 0.644221
177 191 177 0.776471 0.996079 0.776471 -0 0.415248
178 191 177 0.792157 0.996079 0.776471 -0.07 0.635683
176 194 177 0.760784 1.04314 0.776471 -0.02 0.337456
177 194 177 0.776471 1.04314 0.776471 -0.01 0.503335
177 195 177 0.776471 1.05882 0.776471 -0.06 0.502304
177 196 177 0.776471 1.07451 0.776471 -0.1 0.506847
177 197 177 0.776471 1.0902 0.776471 -0.02 0.491357
177 198 177 0.776471 1.10588 0.776471 -0.07 0.512835
158 199 177 0.478432 1.12157 0.776471 0.04 0.822933
152 201 177 0.384314 1.15294 0.776471 0.09 0.577942
177 201 177 0.776471 1.15294 0.776471 -0.07 0.705687
152 204 177 0.384314 1.2 0.776471 -0.04 0.674091
166 204 177 0.603922 1.2 0.776471 0.03 -0.16754
178 204 177 0.792157 1.2 0.776471 0.05 0.944101
154 205 177 0.415686 1.21569 0.776471 0.09 0.710234
168 205 177 0.635294 1.21569 0.776471 0.06 -0.0957768
154 206 177 0.415686 1.23137 0.776471 0.05 0.671119
163 206 177 0.556863 1.23137 0.776471 -0.09 0.823254
154 207 177 0.415686 1.24706 0.776471 0.01 0.629701
153 208 177 0.4 1.26275 0.776471 0.08 0.548883
154 208 177 0.415686 1.26275 0.776471 -0.04 0.616172
155 208 177 0.431373 1.26275 0.776471 0.06 0.684927
157 208 177 0.462745 1.26275 0.776471 0.08 0.62793
153 209 177 0.4 1.27843 0.776471 0.03 0.505215
154 209 177 0.415686 1.27843 0.776471 -0.08 0.633391
157 209 177 0.462745 1.27843 0.776471 0.03 0.548268
153 210 177 0.4 1.29412 0.776471 -0.01 0.454616
155 210 177 0.431373 1.29412 0.776471 -0.03 0.527817
156 210 177 0.447059 1.29412 0.776471 0.06 0.561181
159 210 177 0.494118 1.29412 0.776471 0.06 0.557038
160 210 177 0.509804 1.29412 0.776471 -0.02 0.6099
163 210 177 0.556863 1.29412 0.776471 0.1 0.595354
165 210 177 0.588235 1.29412 0.776471 0.08 0.679341
166 210 177 0.603922 1.29412 0.776471 0.09 0.85089
153 211 177 0.4 1.3098 0.776471 -0.05 0.471453
156 211 177 0.447059 1.3098 0.776471 0.02 0.517515
158 211 177 0.478432 1.3098 0.776471 0.08 0.507248
159 211 177 0.494118 1.3098 0.776471 0.01 0.549459
160 211 177 0.509804 1.3098 0.776471 -0.06 0.493485
162 211 177 0.541177 1.3098 0.776471 0.09 0.478619
163 211 177 0.556863 1.3098 0.776471 0.05 0.623928
165 211 177 0.588235 1.3098 0.776471 0.04 0.945642
166 211 177 0.603922 1.3098 0.776471 0.05 0.982454
151 212 177 0.368628 1.32549 0.776471 -0.04 0.671214
156 212 177 0.447059 1.32549 0.776471 -0.02 0.368434
159 212 177 0.494118 1.32549 0.776471 -0.03 0.382193
161 212 177 0.52549 1.32549 0.776471 0.07 0.544545
162 212 177 0.541177 1.32549 0.776471 0.04 0.794958
158 213 177 0.478432 1.34118 0.776471 -0.01 0.398294
143 217 177 0.243137 1.40392 0.776471 -0.07 0.112355
132 126 178 0.0705884 -0.0235293 0.792157 0.09 0.719075
136 126 178 0.133333 -0.0235293 0.792157 0.1 0.629346
133 127 178 0.0862746 -0.00784302 0.792157 0.02 0.678172
134 127 178 0.101961 -0.00784302 0.792157 0.02 0.656455
129 128 178 0.0235295 0.00784326 0.792157 0.09 0.663448
133 128 178 0.0862746 0.00784326 0.792157 -0.02 0.548528
134 128 178 0.101961 0.00784326 0.792157 -0.02 0.56062
135 128 178 0.117647 0.00784326 0.792157 -0 0.469788
125 129 178 -0.0392156 0.0235295 0.792157 0.04 0.698846
130 129 178 0.0392158 0.0235295 0.792157 0.02 0.528032
131 129 178 0.0549021 0.0235295 0.792157 -0.02 0.434288
125 130 178 -0.0392156 0.0392158 0.792157 -0.01 0.557589
126 130 178 -0.0235293 0.0392158 0.792157 -0.07 0.628788
139 130 178 0.180392 0.0392158 0.792157 -0 0.600004
127 131 178 -0.00784302 0.0549021 0.792157 0.1 0.560542
139 131 178 0.180392 0.0549021 0.792157 -0.05 0.563998
129 132 178 0.0235295 0.0705884 0.792157 -0.09 0.460717
139 132 178 0.180392 0.0705884 0.792157 -0.09 0.37247
129 138 178 0.0235295 0.164706 0.792157 -0.07 0.585675
130 138 178 0.0392158 0.164706 0.792157 -0.09 0.581744
136 138 178 0.133333 0.164706 0.792157 0.05 0.647094
137 138 178 0.14902 0.164706 0.792157 0.07 0.697155
139 138 178 0.180392 0.164706 0.792157 0.09 0.848933
127 139 178 -0.00784302 0.180392 0.792157 0.03 0.696347
128 139 178 0.00784326 0.180392 0.792157 -0.04 0.710641
131 139 178 0.0549021 0.180392 0.792157 0.08 0.789547
132 139 178 0.0705884 0.180392 0.792157 0.04 0.785677
133 139 178 0.0862746 0.180392 0.792157 0.02 0.811356
126 140 178 -0.0235293 0.196079 0.792157 0.05 0.63955
126 141 178 -0.0235293 0.211765 0.792157 0.01 0.881716
156 146 178 0.447059 0.290196 0.792157 -0.02 0.318724
136 147 178 0.133333 0.305882 0.792157 -0.1 0.766456
157 148 178 0.462745 0.321569 0.792157 0.06 0.709422
153 149 178 0.4 0.337255 0.792157 -0.07 0.724575
159 156 178 0.494118 0.447059 0.792157 0.01 0.663838
140 157 178 0.196079 0.462745 0.792157 -0 0.56382
141 158 178 0.211765 0.478432 0.792157 -0.03 0.495547
124 161 178 -0.0549018 0.52549 0.792157 -0.08 0.906409
165 161 178 0.588235 0.52549 0.792157 -0.02 0.48358
133 162 178 0.0862746 0.541177 0.792157 0.06 0.505397
125 163 178 -0.0392156 0.556863 0.792157 0.05 0.827411
166 163 178 0.603922 0.556863 0.792157 -0.05 0.154562
168 163 178 0.635294 0.556863 0.792157 -0.03 0.535482
133 164 178 0.0862746 0.572549 0.792157 -0.02 0.461631
133 165 178 0.0862746 0.588235 0.792157 -0.07 0.431901
163 168 178 0.556863 0.635294 0.792157 -0.1 0.754139
148 169 178 0.321569 0.650981 0.792157 0.09 0.814162
171 174 178 0.682353 0.729412 0.792157 -0.07 0.65432
171 176 178 0.682353 0.760784 0.792157 0.09 0.600119
170 178 178 0.666667 0.792157 0.792157 -0.09 0.637084
170 179 178 0.666667 0.807843 0.792157 -0.02 0.646698
171 179 178 0.682353 0.807843 0.792157 0.08 0.64106
173 179 178 0.713726 0.807843 0.792157 0.06 0.755692
170 180 178 0.666667 0.82353 0.792157 -0.06 0.562014
172 180 178 0.698039 0.82353 0.792157 0.04 0.650409
170 181 178 0.666667 0.839216 0.792157 0.06 0.612244
169 182 178 0.650981 0.854902 0.792157 -0.08 0.640307
170 182 178 0.666667 0.854902 0.792157 0.01 0.64465
169 183 178 0.650981 0.870588 0.792157 -0 0.593343
170 183 178 0.666667 0.870588 0.792157 0.09 0.551945
172 183 178 0.698039 0.870588 0.792157 -0.09 0.698485
169 184 178 0.650981 0.886275 0.792157 -0.05 0.492759
170 184 178 0.666667 0.886275 0.792157 0.05 0.504627
172 184 178 0.698039 0.886275 0.792157 -0.01 0.664567
169 185 178 0.650981 0.901961 0.792157 -0.09 0.432063
170 185 178 0.666667 0.901961 0.792157 0 0.492102
172 185 178 0.698039 0.901961 0.792157 0.07 0.68617
170 186 178 0.666667 0.917647 0.792157 -0.04 0.515629
171 186 178 0.682353 0.917647 0.792157 -0.07 0.568706
169 187 178 0.650981 0.933334 0.792157 -0.01 0.427755
170 187 178 0.666667 0.933334 0.792157 -0.08 0.434943
171 187 178 0.682353 0.933334 0.792157 0.01 0.568206
168 188 178 0.635294 0.94902 0.792157 0.01 0.427946
169 188 178 0.650981 0.94902 0.792157 -0.05 0.404915
173 188 178 0.713726 0.94902 0.792157 0.03 0.666428
155 189 178 0.431373 0.964706 0.792157 0.1 0.943126
169 189 178 0.650981 0.964706 0.792157 -0.1 0.44741
171 189 178 0.682353 0.964706 0.792157 0.04 0.598589
172 190 178 0.698039 0.980392 0.792157 0.09 0.580102
173 190 178 0.713726 0.980392 0.792157 0.1 0.58583
173 191 178 0.713726 0.996079 0.792157 0.06 0.645536
172 192 178 0.698039 1.01176 0.792157 0.01 0.686491
173 192 178 0.713726 1.01176 0.792157 0.01 0.734598
170 193 178 0.666667 1.02745 0.792157 -0.07 0.509707
172 194 178 0.698039 1.04314 0.792157 -0.08 0.549717
166 195 178 0.603922 1.05882 0.792157 0.05 0.33752
170 195 178 0.666667 1.05882 0.792157 -0.03 0.521644
171 195 178 0.682353 1.05882 0.792157 0.06 0.531321
172 195 178 0.698039 1.05882 0.792157 0.04 0.629736
170 196 178 0.666667 1.07451 0.792157 -0.08 0.604037
172 196 178 0.698039 1.07451 0.792157 -0.01 0.702299
173 196 178 0.713726 1.07451 0.792157 0.09 0.791215
170 197 178 0.666667 1.0902 0.792157 0.05 0.513035
169 198 178 0.650981 1.10588 0.792157 -0.09 0.415583
170 198 178 0.666667 1.10588 0.792157 0 0.355469
172 198 178 0.698039 1.10588 0.792157 0.02 0.586353
170 199 178 0.666667 1.12157 0.792157 -0.04 0.367227
172 199 178 0.698039 1.12157 0.792157 -0.02 0.520425
169 200 178 0.650981 1.13726 0.792157 -0.02 0.401856
172 200 178 0.698039 1.13726 0.792157 0.06 0.450655
169 201 178 0.650981 1.15294 0.792157 -0.06 0.344321
171 201 178 0.682353 1.15294 0.792157 -0.04 0.509777
173 201 178 0.713726 1.15294 0.792157 -0.01 0.58031
171 202 178 0.682353 1.16863 0.792157 -0.08 0.710514
172 202 178 0.698039 1.16863 0.792157 -0.03 0.70566
173 202 178 0.713726 1.16863 0.792157 0.06 0.664619
174 202 178 0.729412 1.16863 0.792157 0.07 0.449338
172 203 178 0.698039 1.18431 0.792157 0.09 0.947698
165 204 178 0.588235 1.2 0.792157 0.08 0.333787
166 204 178 0.603922 1.2 0.792157 0.1 0.279451
167 205 178 0.619608 1.21569 0.792157 -0.05 0.107788
169 208 178 0.650981 1.26275 0.792157 0.08 0.960194
144 218 178 0.258824 1.41961 0.792157 0.05 0.981801
140 219 178 0.196079 1.43529 0.792157 -0.01 0.227682
136 135 179 0.133333 0.117647 0.807843 0.09 0.796089
155 146 179 0.431373 0.290196 0.807843 0.03 0.505573
156 147 179 0.447059 0.305882 0.807843 -0.01 0.623818
149 148 179 0.337255 0.321569 0.807843 0.07 0.471629
150 149 179 0.352941 0.337255 0.807843 -0.05 0.584822
155 149 179 0.431373 0.337255 0.807843 0.1 0.905645
150 150 179 0.352941 0.352941 0.807843 -0.09 0.50084
151 150 179 0.368628 0.352941 0.807843 0.05 0.677262
151 151 179 0.368628 0.368628 0.807843 0 0.679248
151 152 179 0.368628 0.384314 0.807843 -0.04 0.646413
151 153 179 0.368628 0.4 0.807843 -0.09 0.541529
172 154 179 0.698039 0.415686 0.807843 -0.09 0.494335
152 156 179 0.384314 0.447059 0.807843 0.08 0.633936
159 156 179 0.494118 0.447059 0.807843 0.08 0.706836
166 163 179 0.603922 0.556863 0.807843 -0.06 0.386668
169 165 179 0.650981 0.588235 0.807843 0.08 0.967463
132 166 179 0.0705884 0.603922 0.807843 0.06 0.795328
147 168 179 0.305882 0.635294 0.807843 0.02 0.416851
145 169 179 0.27451 0.650981 0.807843 0.08 0.839165
165 171 179 0.588235 0.682353 0.807843 0.09 0.691314
166 207 179 0.603922 1.24706 0.807843 -0.09 0.945222
167 207 179 0.619608 1.24706 0.807843 0.08 0.945904
168 207 179 0.635294 1.24706 0.807843 0.01 0.947096
154 147 180 0.415686 0.305882 0.82353 0.07 0.627525
148 148 180 0.321569 0.321569 0.82353 -0.04 0.430555
154 148 180 0.415686 0.321569 0.82353 0.03 0.835979
147 150 180 0.305882 0.352941 0.82353 -0.02 0.3961
148 151 180 0.321569 0.368628 0.82353 0.03 0.660819
148 152 180 0.321569 0.384314 0.82353 -0.01 0.65406
148 153 180 0.321569 0.4 0.82353 -0.05 0.527686
149 153 180 0.337255 0.4 0.82353 0.08 0.725015
148 154 180 0.321569 0.415686 0.82353 -0.1 0.467212
149 154 180 0.337255 0.415686 0.82353 0.04 0.671595
160 154 180 0.509804 0.415686 0.82353 0.08 0.738383
172 154 180 0.698039 0.415686 0.82353 -0.03 0.412818
149 155 180 0.337255 0.431373 0.82353 -0.01 0.580956
173 155 180 0.713726 0.431373 0.82353 0.06 0.474165
149 156 180 0.337255 0.447059 0.82353 -0.05 0.472323
149 157 180 0.337255 0.462745 0.82353 -0.09 0.785592
150 157 180 0.352941 0.462745 0.82353 -0.01 0.870709
174 159 180 0.729412 0.494118 0.82353 -0.06 0.783445
173 160 180 0.713726 0.509804 0.82353 0.08 0.805134
172 161 180 0.698039 0.52549 0.82353 -0.01 0.834926
166 166 180 0.603922 0.603922 0.82353 0.02 0.558449
165 171 180 0.588235 0.682353 0.82353 0.04 0.617826
151 146 181 0.368628 0.290196 0.839216 0.06 0.601349
151 147 181 0.368628 0.305882 0.839216 0.02 0.46626
149 148 181 0.337255 0.321569 0.839216 -0.09 0.662692
144 149 181 0.258824 0.337255 0.839216 -0.06 0.378871
143 150 181 0.243137 0.352941 0.839216 0.04 0.423721
145 150 181 0.27451 0.352941 0.839216 -0.01 0.606515
145 151 181 0.27451 0.368628 0.839216 -0.06 0.611474
145 153 181 0.27451 0.4 0.839216 0.06 0.56692
145 154 181 0.27451 0.415686 0.839216 0.01 0.481916
146 154 181 0.290196 0.415686 0.839216 0.1 0.698432
146 155 181 0.290196 0.431373 0.839216 0.06 0.624918
146 156 181 0.290196 0.447059 0.839216 0.01 0.550157
159 156 181 0.494118 0.447059 0.839216 0.04 0.598921
146 157 181 0.290196 0.462745 0.839216 -0.03 0.815674
147 157 181 0.305882 0.462745 0.839216 0.06 0.887147
174 159 181 0.729412 0.494118 0.839216 -0.04 0.757945
164 161 181 0.572549 0.52549 0.839216 0.08 0.48611
172 161 181 0.698039 0.52549 0.839216 0.05 0.765798
153 164 181 0.4 0.572549 0.839216 0.06 0.660635
155 164 181 0.431373 0.572549 0.839216 0.01 0.483479
153 165 181 0.4 0.588235 0.839216 0.02 0.608717
166 165 181 0.603922 0.588235 0.839216 -0.07 0.518404
154 167 181 0.415686 0.619608 0.839216 -0.09 0.59838
157 167 181 0.462745 0.619608 0.839216 0.02 0.547074
146 145 182 0.290196 0.27451 0.854902 0.07 0.592484
147 146 182 0.305882 0.290196 0.854902 -0.04 0.538871
147 147 182 0.305882 0.305882 0.854902 -0.09 0.564344
146 148 182 0.290196 0.321569 0.854902 -0.06 0.75723
147 148 182 0.305882 0.321569 0.854902 0.08 0.839717
160 154 182 0.509804 0.415686 0.854902 0.09 0.712931
159 156 182 0.494118 0.447059 0.854902 -0.02 0.599232
174 156 182 0.729412 0.447059 0.854902 0.03 0.467347
162 160 182 0.541177 0.509804 0.854902 0.08 0.750936
162 161 182 0.541177 0.52549 0.854902 0.04 0.551023
164 161 182 0.572549 0.52549 0.854902 0.02 0.815544
172 161 182 0.698039 0.52549 0.854902 -0.04 0.820133
165 170 182 0.588235 0.666667 0.854902 0 0.934501
161 173 182 0.52549 0.713726 0.854902 -0.09 0.32425
165 173 182 0.588235 0.713726 0.854902 -0.01 0.948104
128 227 182 0.00784326 1.56078 0.854902 -0.04 0.0897427
130 227 182 0.0392158 1.56078 0.854902 0.06 0.411248
131 227 182 0.0549021 1.56078 0.854902 -0 0.909948
172 154 183 0.698039 0.415686 0.870588 0.08 0.496155
174 159 183 0.729412 0.494118 0.870588 -0.03 0.78174
173 160 183 0.713726 0.509804 0.870588 -0.01 0.783042
163 165 183 0.556863 0.588235 0.870588 -0.09 0.83656
160 210 183 0.509804 1.29412 0.870588 -0.08 0.0116387
131 227 183 0.0549021 1.56078 0.870588 0.1 0.975501
124 230 183 -0.0549018 1.60784 0.870588 0.09 0.5141
125 230 183 -0.0392156 1.60784 0.870588 -0.02 0.788784
127 230 183 -0.00784302 1.60784 0.870588 0.04 0.986687
171 154 184 0.682353 0.415686 0.886275 -0.03 0.43448
172 155 184 0.698039 0.431373 0.886275 0.1 0.604457
159 156 184 0.494118 0.447059 0.886275 -0.01 0.681208
172 156 184 0.698039 0.447059 0.886275 -0.07 0.245887
174 159 184 0.729412 0.494118 0.886275 0.07 0.828495
163 164 184 0.556863 0.572549 0.886275 0.05 0.799017
160 187 184 0.509804 0.933334 0.886275 0.06 0.659902
159 208 184 0.494118 1.26275 0.886275 0.06 0.313105
170 154 185 0.666667 0.415686 0.901961 -0.02 0.496608
172 157 185 0.698039 0.462745 0.901961 0.08 0.329942
163 159 185 0.556863 0.494118 0.901961 0.09 0.874477
160 187 185 0.509804 0.933334 0.901961 -0.04 0.499608
160 188 185 0.509804 0.94902 0.901961 -0.08 0.465843
171 157 186 0.682353 0.462745 0.917647 -0.03 0.295878
172 158 186 0.698039 0.478432 0.917647 -0.02 0.361987
163 159 186 0.556863 0.494118 0.917647 0.07 0.957083
173 159 186 0.713726 0.494118 0.917647 0.02 0.62967
161 171 186 0.52549 0.682353 0.917647 -0.07 0.48869
161 173 186 0.52549 0.713726 0.917647 0 0.621153
161 174 186 0.52549 0.729412 0.917647 0.08 0.48637
161 176 186 0.52549 0.760784 0.917647 -0.01 0.666054
161 177 186 0.52549 0.776471 0.917647 -0.05 0.686148
161 178 186 0.52549 0.792157 0.917647 0.07 0.725358
160 186 186 0.509804 0.917647 0.917647 -0.06 0.644489
160 187 186 0.509804 0.933334 0.917647 0.06 0.776048
170 157 187 0.666667 0.462745 0.933334 0.06 0.721795
170 158 187 0.666667 0.478432 0.933334 0.01 0.5809
172 159 187 0.698039 0.494118 0.933334 -0.01 0.554954
161 172 187 0.52549 0.698039 0.933334 -0.02 0.632373
160 182 187 0.509804 0.854902 0.933334 0.06 0.855374
160 185 187 0.509804 0.901961 0.933334 0.09 0.698288
160 186 187 0.509804 0.917647 0.933334 0.05 0.877795
162 163 188 0.541177 0.556863 0.94902 0.05 0.935486
160 179 188 0.509804 0.807843 0.94902 0.02 0.51442
160 180 188 0.509804 0.82353 0.94902 -0.03 0.378456
160 181 188 0.509804 0.839216 0.94902 -0.07 0.583845
160 177 189 0.509804 0.776471 0.964706 -0.08 0.221363
160 180 189 0.509804 0.82353 0.964706 -0.09 0.554039
160 181 189 0.509804 0.839216 0.964706 0.03 0.619488
160 180 190 0.509804 0.82353 0.980392 0.05 0.675719
159 189 190 0.494118 0.964706 0.980392 -0.02 0.501035
159 190 190 0.494118 0.980392 0.980392 -0.07 0.697536
160 177 191 0.509804 0.776471 0.996079 0.01 0.435675
160 178 191 0.509804 0.792157 0.996079 -0.03 0.566058
160 179 191 0.509804 0.807843 0.996079 0.04 0.678895
159 189 191 0.494118 0.964706 0.996079 -0.04 0.79125
159 194 191 0.494118 1.04314 0.996079 0.02 0.802451
159 196 191 0.494118 1.07451 0.996079 0.06 0.848527
160 176 192 0.509804 0.760784 1.01176 -0.08 0.518331
160 177 192 0.509804 0.776471 1.01176 -0.01 0.536721
160 178 192 0.509804 0.792157 1.01176 0.07 0.683236
159 188 192 0.494118 0.94902 1.01176 -0.02 0.664365
159 192 192 0.494118 1.01176 1.01176 0.05 0.732574
158 209 192 0.478432 1.27843 1.01176 -0.02 0.760699
160 173 193 0.509804 0.713726 1.02745 -0.1 0.478184
160 174 193 0.509804 0.729412 1.02745 -0.02 0.487155
160 175 193 0.509804 0.745098 1.02745 -0.06 0.519091
160 176 193 0.509804 0.760784 1.02745 0.05 0.616481
160 178 193 0.509804 0.792157 1.02745 0.09 0.761951
159 190 193 0.494118 0.980392 1.02745 -0 0.735077
158 209 193 0.478432 1.27843 1.02745 -0.07 0.916012
132 171 194 0.0705884 0.682353 1.04314 -0.02 0.197221
160 172 194 0.509804 0.698039 1.04314 -0.03 0.471032
160 173 194 0.509804 0.713726 1.04314 0.05 0.551874
160 174 194 0.509804 0.729412 1.04314 0.01 0.540522
160 175 194 0.509804 0.745098 1.04314 -0.04 0.610066
159 184 194 0.494118 0.886275 1.04314 -0.04 0.471888
159 185 194 0.494118 0.901961 1.04314 -0.08 0.641723
159 186 194 0.494118 0.917647 1.04314 -0 0.609069
159 188 194 0.494118 0.94902 1.04314 0.07 0.711683
158 209 194 0.478432 1.27843 1.04314 0.03 0.938958
132 170 195 0.0705884 0.666667 1.05882 -0.03 0.381175
132 171 195 0.0705884 0.682353 1.05882 -0.08 0.277018
132 173 195 0.0705884 0.713726 1.05882 0.08 0.268182
160 173 195 0.509804 0.713726 1.05882 -0.09 0.581971
160 175 195 0.509804 0.745098 1.05882 -0.01 0.729439
133 179 195 0.0862746 0.807843 1.05882 0.07 0.119925
159 182 195 0.494118 0.854902 1.05882 0.07 0.512519
159 184 195 0.494118 0.886275 1.05882 -0.02 0.593541
159 185 195 0.494118 0.901961 1.05882 0.06 0.67033
158 198 195 0.478432 1.10588 1.05882 -0.07 0.321125
133 201 195 0.0862746 1.15294 1.05882 -0.01 0.503714
158 203 195 0.478432 1.18431 1.05882 -0.01 0.651937
160 171 196 0.509804 0.682353 1.07451 0.02 0.613356
132 173 196 0.0705884 0.713726 1.07451 0.02 0.301322
160 173 196 0.509804 0.713726 1.07451 0.06 0.601334
159 181 196 0.494118 0.839216 1.07451 0.1 0.477732
159 182 196 0.494118 0.854902 1.07451 -0.07 0.58504
159 183 196 0.494118 0.870588 1.07451 0.01 0.611282
134 184 196 0.101961 0.886275 1.07451 0.08 0.600999
159 184 196 0.494118 0.886275 1.07451 0.09 0.5906
158 197 196 0.478432 1.0902 1.07451 -0.05 0.506662
158 198 196 0.478432 1.10588 1.07451 0.03 0.694585
158 199 196 0.478432 1.12157 1.07451 -0.01 0.710938
133 201 196 0.0862746 1.15294 1.07451 -0.06 0.616021
134 201 196 0.101961 1.15294 1.07451 -0.01 0.931773
158 203 196 0.478432 1.18431 1.07451 0.09 0.639967
157 209 196 0.462745 1.27843 1.07451 0.03 0.984377
132 170 197 0.0705884 0.666667 1.0902 0.09 0.442811
132 171 197 0.0705884 0.682353 1.0902 0.04 0.32351
132 173 197 0.0705884 0.713726 1.0902 -0.04 0.379393
132 174 197 0.0705884 0.729412 1.0902 -0.09 0.109297
133 178 197 0.0862746 0.792157 1.0902 0.03 0.371871
133 179 197 0.0862746 0.807843 1.0902 -0.01 0.249744
159 179 197 0.494118 0.807843 1.0902 -0.07 0.449883
133 180 197 0.0862746 0.82353 1.0902 -0.05 0.121511
159 181 197 0.494118 0.839216 1.0902 -0 0.582363
159 182 197 0.494118 0.854902 1.0902 0.08 0.655448
134 184 197 0.101961 0.886275 1.0902 0.07 0.407954
134 185 197 0.101961 0.901961 1.0902 0.02 0.371445
134 187 197 0.101961 0.933334 1.0902 -0.06 0.34498
134 189 197 0.101961 0.964706 1.0902 0.05 0.503508
158 194 197 0.478432 1.04314 1.0902 -0.06 0.4012
133 197 197 0.0862746 1.0902 1.0902 0.05 0.197793
158 200 197 0.478432 1.13726 1.0902 0.05 0.929253
132 204 197 0.0705884 1.2 1.0902 -0.06 0.976666
132 171 198 0.0705884 0.682353 1.10588 0.03 0.371555
132 172 198 0.0705884 0.698039 1.10588 -0.02 0.417183
132 174 198 0.0705884 0.729412 1.10588 0.1 0.13197
159 177 198 0.494118 0.776471 1.10588 -0.09 0.393749
159 178 198 0.494118 0.792157 1.10588 -0.01 0.471141
133 179 198 0.0862746 0.807843 1.10588 -0.07 0.272186
159 179 198 0.494118 0.807843 1.10588 -0.06 0.539735
159 180 198 0.494118 0.82353 1.10588 0.03 0.561484
134 182 198 0.101961 0.854902 1.10588 0.1 0.675181
134 183 198 0.101961 0.870588 1.10588 0.05 0.627564
134 185 198 0.101961 0.901961 1.10588 -0.03 0.446545
139 185 198 0.180392 0.901961 1.10588 -0.1 0.421971
134 186 198 0.101961 0.917647 1.10588 -0.08 0.393337
139 188 198 0.180392 0.94902 1.10588 -0.07 0.410331
134 189 198 0.101961 0.964706 1.10588 -0.01 0.382825
158 189 198 0.478432 0.964706 1.10588 -0.1 0.218434
134 190 198 0.101961 0.980392 1.10588 -0.05 0.390571
158 191 198 0.478432 0.996079 1.10588 -0.06 0.531964
158 193 198 0.478432 1.02745 1.10588 0.09 0.602044
158 197 198 0.478432 1.0902 1.10588 0.07 0.817721
158 198 198 0.478432 1.10588 1.10588 0.03 0.922675
132 203 198 0.0705884 1.18431 1.10588 -0.08 0.855669
158 203 198 0.478432 1.18431 1.10588 0.06 0.722482
158 204 198 0.478432 1.2 1.10588 0.02 0.940457
132 172 199 0.0705884 0.698039 1.12157 -0.07 0.460138
132 173 199 0.0705884 0.713726 1.12157 0.09 0.32885
159 177 199 0.494118 0.776471 1.12157 -0.03 0.482757
133 178 199 0.0862746 0.792157 1.12157 -0.04 0.474795
159 178 199 0.494118 0.792157 1.12157 -0.07 0.529064
159 180 199 0.494118 0.82353 1.12157 0.04 0.678117
134 187 199 0.101961 0.933334 1.12157 0.06 0.541196
134 188 199 0.101961 0.94902 1.12157 0.02 0.55213
134 189 199 0.101961 0.964706 1.12157 -0.02 0.600405
134 191 199 0.101961 0.996079 1.12157 0.09 0.654747
158 192 199 0.478432 1.01176 1.12157 -0.08 0.636636
158 195 199 0.478432 1.05882 1.12157 0.03 0.719677
133 197 199 0.0862746 1.0902 1.12157 -0.02 0.447911
133 198 199 0.0862746 1.10588 1.12157 -0.07 0.334666
132 203 199 0.0705884 1.18431 1.12157 0.07 0.372828
132 174 200 0.0705884 0.729412 1.13726 0.03 0.387512
132 175 200 0.0705884 0.745098 1.13726 -0.02 0.360608
159 175 200 0.494118 0.745098 1.13726 -0.03 0.430058
132 176 200 0.0705884 0.760784 1.13726 -0.06 0.256676
159 176 200 0.494118 0.760784 1.13726 -0.08 0.531144
159 178 200 0.494118 0.792157 1.13726 -0.04 0.655941
159 179 200 0.494118 0.807843 1.13726 0.03 0.724936
133 180 200 0.0862746 0.82353 1.13726 0.06 0.299376
133 182 200 0.0862746 0.854902 1.13726 -0.03 0.26963
158 191 200 0.478432 0.996079 1.13726 -0.06 0.445211
158 192 200 0.478432 1.01176 1.13726 0.02 0.508111
158 197 200 0.478432 1.0902 1.13726 0.08 0.778339
158 202 200 0.478432 1.16863 1.13726 -0.01 0.857296
133 203 200 0.0862746 1.18431 1.13726 0.1 0.939653
132 172 201 0.0705884 0.698039 1.15294 0.09 0.543992
159 172 201 0.494118 0.698039 1.15294 -0.09 0.357887
132 174 201 0.0705884 0.729412 1.15294 0 0.569394
159 174 201 0.494118 0.729412 1.15294 -0.05 0.420497
159 175 201 0.494118 0.745098 1.15294 -0.01 0.519445
159 176 201 0.494118 0.760784 1.15294 -0.05 0.623885
133 180 201 0.0862746 0.82353 1.15294 0.04 0.572428
133 181 201 0.0862746 0.839216 1.15294 -0.01 0.537943
133 182 201 0.0862746 0.854902 1.15294 -0.05 0.446854
133 183 201 0.0862746 0.870588 1.15294 -0.09 0.306733
158 185 201 0.478432 0.901961 1.15294 -0.1 0.315038
158 188 201 0.478432 0.94902 1.15294 -0.03 0.347149
158 190 201 0.478432 0.980392 1.15294 0 0.483976
158 191 201 0.478432 0.996079 1.15294 0.08 0.484016
133 192 201 0.0862746 1.01176 1.15294 -0.08 0.289428
158 192 201 0.478432 1.01176 1.15294 -0.08 0.547229
133 195 201 0.0862746 1.05882 1.15294 -0.01 0.327897
133 196 201 0.0862746 1.07451 1.15294 -0.05 0.488315
133 199 201 0.0862746 1.12157 1.15294 0.02 0.728039
132 172 202 0.0705884 0.698039 1.16863 0.07 0.628446
159 172 202 0.494118 0.698039 1.16863 -0.02 0.484286
159 173 202 0.494118 0.713726 1.16863 -0.07 0.555067
159 174 202 0.494118 0.729412 1.16863 0.09 0.506292
159 175 202 0.494118 0.745098 1.16863 -0.07 0.58881
132 177 202 0.0705884 0.776471 1.16863 0.06 0.320358
159 177 202 0.494118 0.776471 1.16863 0.08 0.668113
132 178 202 0.0705884 0.792157 1.16863 0.01 0.269773
132 180 202 0.0705884 0.82353 1.16863 -0.07 0.062766
133 183 202 0.0862746 0.870588 1.16863 0.09 0.414178
133 184 202 0.0862746 0.886275 1.16863 0.05 0.397684
133 185 202 0.0862746 0.901961 1.16863 0 0.375121
133 186 202 0.0862746 0.917647 1.16863 -0.04 0.276165
133 187 202 0.0862746 0.933334 1.16863 -0.08 0.399659
158 187 202 0.478432 0.933334 1.16863 0.08 0.475369
158 188 202 0.478432 0.94902 1.16863 0.04 0.501594
133 190 202 0.0862746 0.980392 1.16863 -0.01 0.356786
158 190 202 0.478432 0.980392 1.16863 -0.05 0.487576
133 191 202 0.0862746 0.996079 1.16863 -0.06 0.329358
158 191 202 0.478432 0.996079 1.16863 0.03 0.617805
158 192 202 0.478432 1.01176 1.16863 -0.02 0.853848
133 193 202 0.0862746 1.02745 1.16863 0.05 0.562767
133 194 202 0.0862746 1.04314 1.16863 0.01 0.545948
133 195 202 0.0862746 1.05882 1.16863 -0.03 0.592239
132 199 202 0.0705884 1.12157 1.16863 -0.09 0.450043
132 200 202 0.0705884 1.13726 1.16863 0.06 0.392596
132 201 202 0.0705884 1.15294 1.16863 0.02 0.481869
132 203 202 0.0705884 1.18431 1.16863 -0.07 0.495471
159 170 203 0.494118 0.666667 1.18431 0.01 0.534159
159 171 203 0.494118 0.682353 1.18431 -0.03 0.453765
159 172 203 0.494118 0.698039 1.18431 0 0.5299
159 173 203 0.494118 0.713726 1.18431 0.08 0.616179
132 176 203 0.0705884 0.760784 1.18431 0.08 0.340459
132 177 203 0.0705884 0.776471 1.18431 0.04 0.267487
132 178 203 0.0705884 0.792157 1.18431 -0 0.225641
132 179 203 0.0705884 0.807843 1.18431 -0.05 0.159722
158 183 203 0.478432 0.870588 1.18431 -0.08 0.390074
133 184 203 0.0862746 0.886275 1.18431 0.03 0.439305
158 186 203 0.478432 0.917647 1.18431 0.03 0.505812
133 187 203 0.0862746 0.933334 1.18431 -0.1 0.399343
158 187 203 0.478432 0.933334 1.18431 -0.02 0.529091
158 188 203 0.478432 0.94902 1.18431 0.06 0.610852
158 189 203 0.478432 0.964706 1.18431 0.02 0.622712
158 190 203 0.478432 0.980392 1.18431 0.09 0.612066
158 191 203 0.478432 0.996079 1.18431 -0.07 0.692998
133 192 203 0.0862746 1.01176 1.18431 0.08 0.625733
132 198 203 0.0705884 1.10588 1.18431 -0.06 0.400591
132 199 203 0.0705884 1.12157 1.18431 0.09 0.35778
132 201 203 0.0705884 1.15294 1.18431 0.01 0.519375
132 204 203 0.0705884 1.2 1.18431 0.08 0.924946
159 172 204 0.494118 0.698039 1.2 0.07 0.617452
131 173 204 0.0549021 0.713726 1.2 -0.09 0.759874
132 176 204 0.0705884 0.760784 1.2 0.07 0.831797
132 177 204 0.0705884 0.776471 1.2 0.03 0.850294
132 178 204 0.0705884 0.792157 1.2 -0.02 0.841561
132 179 204 0.0705884 0.807843 1.2 -0.06 0.825207
132 182 204 0.0705884 0.854902 1.2 0.01 0.83185
132 183 204 0.0705884 0.870588 1.2 -0.04 0.803345
158 183 204 0.478432 0.870588 1.2 -0.03 0.494744
158 184 204 0.478432 0.886275 1.2 0.05 0.541686
158 185 204 0.478432 0.901961 1.2 0.01 0.579564
132 186 204 0.0705884 0.917647 1.2 0.03 0.787744
158 186 204 0.478432 0.917647 1.2 0.09 0.643256
133 187 204 0.0862746 0.933334 1.2 0.08 0.852856
158 187 204 0.478432 0.933334 1.2 0.05 0.581565
133 188 204 0.0862746 0.94902 1.2 0.04 0.89494
158 188 204 0.478432 0.94902 1.2 0.08 0.656925
132 195 204 0.0705884 1.05882 1.2 0.04 0.479533
157 197 204 0.462745 1.0902 1.2 -0.08 0.352462
132 198 204 0.0705884 1.10588 1.2 -0.09 0.535785
132 199 204 0.0705884 1.12157 1.2 0.07 0.401489
157 200 204 0.462745 1.13726 1.2 -0.01 0.567724
159 170 205 0.494118 0.666667 1.21569 0.01 0.65374
158 182 205 0.478432 0.854902 1.21569 0.08 0.884373
158 183 205 0.478432 0.870588 1.21569 0.04 0.903844
158 185 205 0.478432 0.901961 1.21569 -0.05 0.91905
158 188 205 0.478432 0.94902 1.21569 0.02 0.84664
132 194 205 0.0705884 1.04314 1.21569 0.07 0.89132
131 200 205 0.0549021 1.13726 1.21569 -0.08 0.890358
132 200 205 0.0705884 1.13726 1.21569 0.01 0.900384
157 201 205 0.462745 1.15294 1.21569 0.01 0.977654
159 171 206 0.494118 0.682353 1.23137 0.07 0.909339
159 173 206 0.494118 0.713726 1.23137 0.06 0.897901
159 174 206 0.494118 0.729412 1.23137 0.02 0.930789
158 179 206 0.478432 0.807843 1.23137 0.04 0.959548
